   95     117     407     170     70  

   236     491     40     449     500  

   6     482     106     217     392  

   194     240     98     144     275  

   145     533     349     203     216  

   200     83     532     72     489  

   68     160     512     450     319  

   159     172     283     196     99  

   258     199     60     356     401  

   428     48     138     32     183  

   395     168     270     517     357  

   472     426     433     103     16  

   415     166     478     31     118  

   464     179     278     261     361  

   368     39     84     422     371  

   1     363     414     130     390  

   129     47     93     380     481  

   477     459     221     382     21  

   234     325     176     387     351  

   284     524     80     521     187  

   416     17     446     61     410  

   137     430     499     97     182  

   257     215     223     342     148  

   55     318     76     259     423  

   94     63     146     456     13  

   412     111     365     136     209  

   133     119     421     337     174  

   510     64     229     102     153  

   3     339     350     404     264  

   425     493     530     471     531  

   23     251     522     157     107  

   178     214     454     486     400  

   26     473     73     231     492  

   232     49     256     476     143  

   470     78     451     353     269  

   334     81     147     132     233  

   248     152     110     50     295  

   207     212     142     51     374  

   435     75     230     497     285  

   505     45     328     304     114  

   122     330     184     205     320  

   494     181     397     463     299  

   276     134     358     53     177  

   408     241     52     191     519  

   344     314     462     253     453  

   297     8     169     286     438  

   525     91     466     322     514  

   267     222     140     27     135  

   116     324     255     520     457  

   124     271     360     306     155  

   218     348     309     250     394  

   244     237     158     506     290  

   375     86     25     293     332  

   393     272     294     128     108  

   254     341     92     496     161  

   469     503     515     82     274  

   511     383     419     346     245  

   33     109     206     173     211  

   279     391     44     249     151  

   224     480     225     104     242  

   461     413     20     164     56  

   372     38     321     527     247  

   436     507     127     208     359  

   121     432     291     354     167  

   316     4     220     88     154  

   281     74     96     292     163  

   488     434     41     352     431  

   210     302     437     185     141  

   418     59     19     204     487  

   523     77     427     406     490  

   315     440     445     474     12  

   516     125     282     268     189  

   227     424     34     338     420  

   296     513     150     235     403  

   475     327     484     303     333  

   58     402     28     379     287  

   149     260     498     340     355  

   301     443     298     42     331  

   123     386     5     7     162  

   66     508     335     345     69  

   504     458     193     468     442  

   24     10     186     313     501  

   79     526     429     329     14  

   213     37     385     175     398  

   90     378     467     197     101  

   115     485     411     343     71  

   305     377     300     447     384  

   239     89     228     460     373  

   388     399     131     46     105  

   417     308     252     495     509  

   280     362     238     202     62  

   528     195     188     43     192  

   439     326     15     30     312  

   22     396     35     171     113  

   366     529     85     265     323  

   11     262     502     376     126  

   465     180     441     219     409  

   452     288     336     389     448  

   2     65     311     369     9  

   226     444     479     317     273  

   100     156     18     364     307  

   165     347     112     87     54  

   405     29     246     263     36  

   483     120     139     57     190  

   201     518     381     266     455  

   67     198     277     370     243  

   310     367     289  